186 amnon SYNOELLI

ιιιιι-ι καφ-ιη- Αιψιιο- m eumn>
tuo-naseu. ιι... mama, uum-u- mn.-
μ.

4581 15 ⁶ 15 18
4582 1 7 7 15 14
4583 18 8 ’ 1⁷ 15
4584 19 9 18 16
4585 20 10 19 1 7
4556 21 1 1 2⁰ 18
4587 22 12 21 19
4588 23 15 22 20
4589 24 14 2³ 21
4590 25 16 24 22
4591 26 15 25 28
4592 27 17 26 24
4593 28 ¹8 27 25
4594 29 19 28 25
4595 80 20 29 27

nm ut iu Georgia Aah-b 22- Οάιοιίιι vm dnm mne·
nummu, nu: nini anim anni ιμιίιιειι ech-›zin- inm mm·

4596 m 21 ³0 28
4597 82 22 81 29
4598 83 23 52 00
4599 54 24 53 51

4600 85 25 54 82

