16⁰

Gssoncn SYNCELLI

Λικι- Amymn- ,ιι-Μυο- amun- ,analo Pan-d·-

masm. ιιψ.. ιιι-ιαμ, ιιι...

diu.

4248
4249

4250
4251

4252

4258
4254
4255
4256
4257
4258
4259
4260
4261
4262
4258
4254
4266
4266

4267
4268
4269
4270
4271
4272
4275
4274
4276

7
8

11

12
13
14
15
16
17
18
19
20
21
22
23
24
25

26
27
28
29
50
31
³2
53
³4

42
43

45

nemum.

fln 5⁵.
Anum
ι--ιι ι.

ιοωκιωθιμοηο

5
6

10
11
12
13
14
15
16
17
18
19
20
21
22
28

24
25
26
27
28
29
80
31
32

,ιιι- ΙΙ·-
ιη.

30
81

83

υωκιοποιιιωκι»

mne..
Pnu- lm«-
eu-un- tuq-m
pum.
7 4
8 5
numm
un· ι.ι.
ιι. οι.
1 6
2 7
8 8
’ωη-
‚uu-
4 1
5 ὶ
⁶ 5
7 4
8 6
⁹ 8
10 7
11 Β
12 9
ts m
14 11
15 12
16 :s
17 14
18 15
19 16
20 17
21 18
22 19
28 20
24 21
25 22
26 2⁸

