w

uum.

4076
4077
4078
4079
4080
4081
4082
4083
4084
4085
4086
4087
4088
4089
4090
4091
4099
4093
4094
4095
4096

4097
4098
4099
4100
4101
4102
4105

4104
4105
4106
4101

4108
4109

GEORGII SYNCELLI
huy-u taven-u demum- naq-unm.

aa.

*lenm-senon·-

10
11

12
13

&1²⁶⁴

19
20
2 1
22
28
24
2⁵
26
27
28
29
3⁰
51
⁸2
⁸3
84
85
86
87
⁸8
59

40
41
42
43
44
45
46

47
48
49

⁵⁰ .

ἐι

⁵2

υωήσςθυῠουιο

8

9
10
11
12
13
14
15
16
17
19
19
20
21
22
23
24
2⁵
⁴26
27
28

29
⁵0
81
⁸2
3³
34
35

36
δ’]
38
89

40
41

